cam0:
  T_cam_imu:
  - [-0.0020628546307641334, 0.9998491143165334, -0.01724799209227834, 0.07086940673993271]
  - [0.9999978648512627, 0.002060440681021102, -0.0001577248080481021, 0.005112536812935548]
  - [-0.00012216254505977714, -0.01724828062860048, -0.9998512298795602, -0.004515231479516654]
  - [0.0, 0.0, 0.0, 1.0]
  cam_overlaps: [1, 2]
  camera_model: pinhole
  distortion_coeffs: [0.024797346405976157, -0.06685379106623551, 0.07272744476764836, -0.0242044946199227]
  distortion_model: equidistant
  intrinsics: [568.758493707557, 568.0898833961045, 633.8144842785725, 346.30987409946977]
  resolution: [1280, 720]
  rostopic: /front_camera/left/image_raw
  timeshift_cam_imu: -0.012353918753714306
cam1:
  T_cam_imu:
  - [-0.00746091421346702, 0.9999507912669661, -0.0065383334013959975, -0.004437829644642274]
  - [0.9999640266040966, 0.007434311131995928, -0.004083688983552819, 0.00524492675752554]
  - [-0.004034880025601134, -0.006568566248520768, -0.99997028639886, -0.004326492964072504]
  - [0.0, 0.0, 0.0, 1.0]
  T_cn_cnm1:
  - [0.999928076912632, -0.005399527736578842, -0.010709159725546544, -0.07532288828882855]
  - [0.005440844413297276, 0.9999778535883208, 0.0038326942175077256, -0.00023578074521742642]
  - [0.010688227817353268, -0.0038906854301705134, 0.9999353100841112, -0.000549130666528251]
  - [0.0, 0.0, 0.0, 1.0]
  cam_overlaps: [0, 2]
  camera_model: pinhole
  distortion_coeffs: [-0.004842929678861597, 0.012593680458283641, -0.007138514180736794, 0.0027420897794787594]
  distortion_model: equidistant
  intrinsics: [570.0854161194229, 569.2691971307967, 633.0348093652003, 324.4034604831896]
  resolution: [1280, 720]
  rostopic: /front_camera/right/image_raw
  timeshift_cam_imu: -0.012555330046530056
cam2:
  T_cn_cnm1:
  - [0.9999813992816213, 0.0021651808682785737, 0.005702024428021335, 0.03555478330009473]
  - [-0.0022126450350608905, 0.9999628488005061, 0.00833097957772328, 0.0011039567316469873]
  - [-0.005683774513378587, -0.008343441171558797, 0.9999490395498649, 0.00020110593805686684]
  - [0.0, 0.0, 0.0, 1.0]
  cam_overlaps: [0, 1]
  camera_model: pinhole
  distortion_coeffs: [0.17823893015917927, -0.5380217668423452, 1.1243179305792512, -0.7522146126784992]
  distortion_model: equidistant
  intrinsics: [1163.1089203593401, 1162.7574608418236, 963.4354262779912, 531.2941023003784]
  resolution: [1920, 1080]
  rostopic: /front_camera/rgb/image_raw