cam0:
  cam_overlaps: [1, 2]
  camera_model: pinhole
  distortion_coeffs: [-0.1840671265009463, 0.023462028661022347, -0.0015831439730271068, -0.00038235702524220465]
  distortion_model: radtan
  intrinsics: [570.8273984313582, 578.6707833056026, 650.1546307394465, 360.46941937379836]
  resolution: [1280, 720]
  rostopic: /front_camera/left/image_raw
cam1:
  T_cn_cnm1:
  - [0.9988799330830246, -0.006857394810720254, 0.04681725558446116, -0.07266759801796682]
  - [0.006592140011331675, 0.9999613477053629, 0.0058177990119753385, -6.652118766368128e-05]
  - [-0.04685534093485878, -0.00550265678401335, 0.9988865289882499, 0.0015429627849691064]
  - [0.0, 0.0, 0.0, 1.0]
  cam_overlaps: [0, 2]
  camera_model: pinhole
  distortion_coeffs: [-0.18271214505534228, 0.022826798087467518, -0.001126488525512703, 0.001264453078693958]
  distortion_model: radtan
  intrinsics: [570.467309763733, 577.5826436675538, 613.9378617710482, 336.95326153110864]
  resolution: [1280, 720]
  rostopic: /front_camera/right/image_raw
cam2:
  T_cn_cnm1:
  - [0.9996786856691809, 0.0007879447737029738, -0.02533583552519934, 0.03360175429961711]
  - [-0.0006246503239730755, 0.9999789875303341, 0.006452465402314756, 0.00043353924605940705]
  - [0.025340387343115316, -0.006434566094842974, 0.9996581721410871, -0.004241173153097993]
  - [0.0, 0.0, 0.0, 1.0]
  cam_overlaps: [0, 1]
  camera_model: pinhole
  distortion_coeffs: [-0.19663188624774755, 0.045276798256116746, 0.004384800720376652, 0.001485249026117911]
  distortion_model: radtan
  intrinsics: [1188.7381527887837, 1191.7478024865832, 966.187346147191, 561.3500183872524]
  resolution: [1920, 1080]
  rostopic: /front_camera/rgb/image_raw
