cam0:
  T_cam_imu:
  - [-0.00035955443917759424, 0.9999145966569896, -0.013064077192547742, 0.06888827162290094]
  - [0.9999966807672391, 0.0003261920895516199, -0.0025557881803590504, 0.004484790550127201]
  - [-0.002551308508866923, -0.013064952774820594, -0.9999113949915172, -0.008386571327125643]
  - [0.0, 0.0, 0.0, 1.0]
  cam_overlaps: [1, 2]
  camera_model: pinhole
  distortion_coeffs: [0.024797346405976157, -0.06685379106623551, 0.07272744476764836, -0.0242044946199227]
  distortion_model: equidistant
  intrinsics: [568.758493707557, 568.0898833961045, 633.8144842785725, 346.30987409946977]
  resolution: [1280, 720]
  rostopic: /front_camera/left/image_raw
  timeshift_cam_imu: -0.012250040444301804
cam1:
  T_cam_imu:
  - [-0.005731716022871066, 0.999980833094932, -0.0023411266942555543, -0.006373973942182448]
  - [0.9999627997639395, 0.005716490643610765, -0.006459165811833881, 0.004591577687262933]
  - [-0.006445658980772729, -0.00237806170796795, -0.9999763988729017, -0.008216314835261616]
  - [0.0, 0.0, 0.0, 1.0]
  T_cn_cnm1:
  - [0.999928076912632, -0.005399527736578842, -0.010709159725546544, -0.07532288828882855]
  - [0.005440844413297276, 0.9999778535883208, 0.0038326942175077256, -0.00023578074521742642]
  - [0.010688227817353268, -0.0038906854301705134, 0.9999353100841112, -0.000549130666528251]
  - [0.0, 0.0, 0.0, 1.0]
  cam_overlaps: [0, 2]
  camera_model: pinhole
  distortion_coeffs: [-0.004842929678861597, 0.012593680458283641, -0.007138514180736794, 0.0027420897794787594]
  distortion_model: equidistant
  intrinsics: [570.0854161194229, 569.2691971307967, 633.0348093652003, 324.4034604831896]
  resolution: [1280, 720]
  rostopic: /front_camera/right/image_raw
  timeshift_cam_imu: -0.012503498972287285
